62,40,57,45,89,37,43,35,39
28,31,17,38,16,14,25
1,0,0,1,0
1,0,13,3,1
35,36,15,11,8,5,15
11,4,9,3,9
5,6,3
1
1,0,0,0,2
46,47,48,51,49,55,58
12,6,15,10,10
5,5,5
1
6,6,5,3,4
2,3,5
7,5,5
7,0,0,1,2
4,4,4,1,3
6,5,5
1
11,8,9,7,7
6,5,5
9,7,6,7,12
5,5,5
3,5,4
11,9,10,9,9
5,7,4
8,4,7,5,5
5,3,1
3,5,5
7,4,8
1
5,0,0
10,10,10,10,11
7,7,7
6,0,0
7,7,6,8,14
4,5,5
5,1,7
1
3
1
48,48,47,47,51,45,49
9,8,7,10,7
2,2,5
0,0,0,0,0
18,8,14,11,10
6,10,3
48,46,46,50,52,49,46
3,2,7,5,1
5,6,5
1
5,7,7
6,5,5
10,9,9,8,14
5,6,5
6,7,7
5
1
5,2,2
8,5,7,7,9
5,5,6
5,6,6
3
5
5,1,1
5,5,4
1
10,10,10,10,10
3,5,1
5,4,5
49,48,48,49,51,49,49
8,10,9,10,10
4,3,5
15,9,8,7,6
10
6,5,5
3,5,5
1
5,6,6
5,5,6
4,5,3
10,10,8,10,9
2,6,3
5,5,6
5,5,3
10,8,10,10,9
50,47,50,50,50,50,50
10,10,10,9,9
10,10,10,10,9
10,6,9,10,12
10,9,10,10,10
6,5,6
5,5,4
49,50,49,50,50,50,49
47,49,50,47,50,50,50
9,10,10,10,10
9,9,10,10,12
11,10,8,9,9
5,4,5
4
49,51,49,49,50,50,50
5,5,7
4,6,6
11,10,10,10,10
6,5,5
6,5,5
3
4
5,5,6
4,5,5
11,9,10,10,10
10,10,9,9,10
10,10,9,10,10
50,51,49,50,50,50,49
10,10,10,10,8
4,5,5
10,10,10,9,10
10,10,10,8,10
10,10,10,11,10
5,5,6
9,10,10,10,10
5,6,5
4,5,5
2
2
5,5,5
10,10,10,10,10
5,4,5
5,5,5
10,10,10,9,10
5,4,5
10,9,10,10,10
